Starting Cash = 1000.0
Executing buy at 2021-05-16 14:41:00. Current cash = 1000.0. Amount bought = 0.279209502057774. Price: 3581.54
Executing sell at 2021-05-16 14:52:00. Current Cash = 982.7197239176443. Amount Sold = 0. Price: 0     3500.00
1     3512.21
2     3478.65
3     3466.98
4     3453.25
5     3469.90
6     3482.43
7     3519.56
8     3530.39
9     3529.19
10    3531.74
11    3540.44
12    3523.48
13    3530.35
14    3531.86
15    3536.87
16    3522.68
17    3527.41
18    3517.98
19    3509.56
20    3501.12
21    3526.43
22    3541.64
23    3527.28
24    3531.79
25    3540.70
26    3559.87
27    3567.06
28    3568.69
29    3569.58
30    3573.29
31    3582.65
32    3592.34
33    3592.78
34    3590.43
35    3597.83
36    3611.32
37    3620.69
38    3606.48
39    3594.58
40    3606.94
41    3590.40
42    3615.50
43    3617.88
44    3613.82
45    3605.35
46    3597.78
47    3594.55
48    3594.40
49    3590.23
50    3593.28
51    3615.46
52    3642.20
53    3635.08
54    3649.63
55    3628.38
56    3613.41
57    3609.57
58    3596.85
59    3601.42
60    3607.78
61    3596.74
62    3618.58
63    3613.07
64    3611.13
65    3609.66
66    3618.47
67    3603.82
68    3578.72
69    3562.95
70    3563.00
71    3581.20
72    3568.53
73    3553.82
74    3556.43
75    3548.10
76    3523.54
77    3530.10
78    3509.30
79    3515.58
80    3543.46
81    3561.80
82    3572.47
83    3557.14
84    3577.96
85    3556.57
86    3563.16
87    3581.54
88    3580.80
89    3576.49
90    3557.12
91    3589.52
92    3573.20
93    3589.59
94    3578.49
95    3565.40
96    3558.02
97    3540.12
98    3519.65
Name: close, dtype: float64
Executing buy at 2021-05-16 15:30:00. Current cash = 982.7197239176443. Amount bought = 0.2805958792087521. Price: 3502.26
Executing sell at 2021-05-16 15:40:00. Current Cash = 968.7432431742562. Amount Sold = 0. Price: 0     3594.40
1     3590.23
2     3593.28
3     3615.46
4     3642.20
5     3635.08
6     3649.63
7     3628.38
8     3613.41
9     3609.57
10    3596.85
11    3601.42
12    3607.78
13    3596.74
14    3618.58
15    3613.07
16    3611.13
17    3609.66
18    3618.47
19    3603.82
20    3578.72
21    3562.95
22    3563.00
23    3581.20
24    3568.53
25    3553.82
26    3556.43
27    3548.10
28    3523.54
29    3530.10
30    3509.30
31    3515.58
32    3543.46
33    3561.80
34    3572.47
35    3557.14
36    3577.96
37    3556.57
38    3563.16
39    3581.54
40    3580.80
41    3576.49
42    3557.12
43    3589.52
44    3573.20
45    3589.59
46    3578.49
47    3565.40
48    3558.02
49    3540.12
50    3519.65
51    3512.12
52    3514.74
53    3506.94
54    3506.16
55    3495.79
56    3480.00
57    3474.31
58    3485.02
59    3502.06
60    3494.08
61    3500.00
62    3483.78
63    3494.78
64    3486.78
65    3466.24
66    3450.20
67    3433.48
68    3454.71
69    3449.31
70    3440.05
71    3463.79
72    3454.47
73    3462.52
74    3467.36
75    3475.41
76    3469.99
77    3432.24
78    3440.41
79    3463.36
80    3468.05
81    3466.78
82    3471.50
83    3476.32
84    3483.14
85    3486.27
86    3480.97
87    3478.09
88    3502.26
89    3515.97
90    3518.14
91    3521.57
92    3512.44
93    3511.78
94    3497.50
95    3494.61
96    3479.19
97    3481.15
98    3452.45
Name: close, dtype: float64
Executing buy at 2021-05-16 16:00:00. Current cash = 968.7432431742562. Amount bought = 0.2808553843938283. Price: 3449.26
Executing sell at 2021-05-16 16:27:00. Current Cash = 952.4367795563504. Amount Sold = 0. Price: 0     3565.40
1     3558.02
2     3540.12
3     3519.65
4     3512.12
5     3514.74
6     3506.94
7     3506.16
8     3495.79
9     3480.00
10    3474.31
11    3485.02
12    3502.06
13    3494.08
14    3500.00
15    3483.78
16    3494.78
17    3486.78
18    3466.24
19    3450.20
20    3433.48
21    3454.71
22    3449.31
23    3440.05
24    3463.79
25    3454.47
26    3462.52
27    3467.36
28    3475.41
29    3469.99
30    3432.24
31    3440.41
32    3463.36
33    3468.05
34    3466.78
35    3471.50
36    3476.32
37    3483.14
38    3486.27
39    3480.97
40    3478.09
41    3502.26
42    3515.97
43    3518.14
44    3521.57
45    3512.44
46    3511.78
47    3497.50
48    3494.61
49    3479.19
50    3481.15
51    3452.45
52    3466.98
53    3451.99
54    3454.00
55    3441.90
56    3438.98
57    3421.46
58    3404.01
59    3412.89
60    3401.12
61    3394.00
62    3382.03
63    3379.39
64    3374.76
65    3374.83
66    3379.27
67    3403.93
68    3423.04
69    3415.04
70    3419.22
71    3449.26
72    3450.20
73    3422.31
74    3398.76
75    3437.81
76    3443.24
77    3437.96
78    3452.98
79    3463.03
80    3460.42
81    3451.21
82    3428.72
83    3424.71
84    3428.09
85    3449.54
86    3459.55
87    3442.12
88    3446.89
89    3453.54
90    3446.93
91    3436.71
92    3448.41
93    3437.64
94    3414.00
95    3414.93
96    3407.67
97    3412.88
98    3391.20
Name: close, dtype: float64
